start16
0 0 1
1 0 2
2 0 3
3 0 4
4 0 5
5 0 6
6 0 7
7 0 8
8 0 9
0 1 10
1 1 11
2 1 12
3 1 13
4 1 14
5 1 15
6 1 16
7 1 5
8 1 6
0 2 7
1 2 8
2 2 1
3 2 2
4 2 3
5 2 4
6 2 13
7 2 14
8 2 15
0 3 16
1 3 9
2 3 10
3 3 11
4 3 12
5 3 9
6 3 10
7 3 11
8 3 12
0 4 13
1 4 14
2 4 15
3 4 16
4 4 1
5 4 2
6 4 3
7 4 4
8 4 5
0 5 6
1 5 7
2 5 8
3 5 13
4 5 14
5 5 15
6 5 16
7 5 9
8 5 10
0 6 11
1 6 12
2 6 5
3 6 6
4 6 7
5 6 8
6 6 1
7 6 2
8 6 3
0 7 4
1 7 2
2 7 1
3 7 4
4 7 3
5 7 1
6 7 5
7 7 8
8 7 7
0 8 10
1 8 9
2 8 12
3 8 11
4 8 14
5 8 13
6 8 16
7 8 15
8 8 6
0 9 5
1 9 8
2 9 7
3 9 2
4 9 1
5 9 4
6 9 3
7 9 14
8 9 13
0 10 16
1 10 15
2 10 10
3 10 9
4 10 12
5 10 11
6 10 10
7 10 9
8 10 12
0 11 11
1 11 14
2 11 13
3 11 16
4 11 15
5 11 2
6 11 1
7 11 4
8 11 3
0 12 6
1 12 5
2 12 8
3 12 7
4 12 14
5 12 13
6 12 16
7 12 15
8 12 10
0 13 9
1 13 12
2 13 11
3 13 6
4 13 5
5 13 8
6 13 7
7 13 2
8 13 1
0 14 4
1 14 3
2 14 3
3 14 4
4 14 1
5 14 2
6 14 7
7 14 8
8 14 5
0 15 6
1 15 11
2 15 12
3 15 9
4 15 10
5 15 15
6 15 16
7 15 13
8 15 14
0 16 7
1 16 8
2 16 5
3 16 6
4 16 3
5 16 4
6 16 1
7 16 2
8 16 15
0 17 16
1 17 13
2 17 14
3 17 11
4 17 12
5 17 9
6 17 10
7 17 11
8 17 12
0 18 9
1 18 10
2 18 15
3 18 16
4 18 13
5 18 14
6 18 3
7 18 4
8 18 1
0 19 2
1 19 7
2 19 8
3 19 5
4 19 6
5 19 15
6 19 16
7 19 13
8 19 14
0 20 11
1 20 12
2 20 9
3 20 10
4 20 7
5 20 8
6 20 5
7 20 6
8 20 3
0 21 4
1 21 1
2 21 2
3 21 4
4 21 3
5 21 2
6 21 1
7 21 8
8 21 7
0 22 6
1 22 5
2 22 12
3 22 11
4 22 10
5 22 9
6 22 16
7 22 15
8 22 14
0 23 13
1 23 8
2 23 7
3 23 6
4 23 5
5 23 4
6 23 3
7 23 2
8 23 1
0 24 16
1 24 15
2 24 14
3 24 13
4 24 12
5 24 11
6 24 10
7 24 9
8 24 12
0 25 11
1 25 10
2 25 9
3 25 16
4 25 15
5 25 14
6 25 13
7 25 4
8 25 3
0 26 2
1 26 1
2 26 8
3 26 7
4 26 6
5 26 5
6 26 16
7 26 15
8 26 14
0 27 13
1 27 12
2 27 11
3 27 10
4 27 9
5 27 8
6 27 7
7 27 6
8 27 5
0 28 4
1 28 3
2 28 2
3 28 1
end
start16
0 0 9
1 0 4
2 0 5
3 0 13
4 0 15
5 0 11
6 0 2
7 0 10
8 0 1
0 1 14
1 1 16
2 1 8
3 1 6
4 1 3
5 1 7
6 1 12
7 1 2
8 1 3
0 2 16
1 2 11
2 2 14
3 2 12
4 2 1
5 2 6
6 2 15
7 2 4
8 2 13
0 3 7
1 3 8
2 3 10
3 3 9
4 3 5
5 3 12
6 3 1
7 3 6
8 3 14
0 4 7
1 4 4
2 4 8
3 4 5
4 4 9
5 4 3
6 4 11
7 4 10
8 4 13
0 5 16
1 5 2
2 5 15
3 5 10
4 5 15
5 5 8
6 5 7
7 5 16
8 5 3
0 6 13
1 6 9
2 6 6
3 6 2
4 6 5
5 6 12
6 6 14
7 6 11
8 6 1
0 7 4
1 7 6
2 7 5
3 7 2
4 7 4
5 7 10
6 7 15
7 7 12
8 7 1
0 8 10
1 8 11
2 8 9
3 8 3
4 8 16
5 8 13
6 8 14
7 8 7
8 8 16
0 9 12
1 9 9
2 9 15
3 9 4
4 9 5
5 9 7
6 9 13
7 9 8
8 9 1
0 10 14
1 10 6
2 10 11
3 10 2
4 10 10
5 10 3
6 10 3
7 10 13
8 10 7
0 11 8
1 11 10
2 11 2
3 11 14
4 11 11
5 11 12
6 11 16
7 11 15
8 11 5
0 12 1
1 12 9
2 12 4
3 12 6
4 12 1
5 12 11
6 12 14
7 12 10
8 12 9
0 13 16
1 13 6
2 13 3
3 13 7
4 13 13
5 13 2
6 13 4
7 13 5
8 13 12
0 14 15
1 14 8
2 14 4
3 14 7
4 14 3
5 14 12
6 14 13
7 14 1
8 14 10
0 15 2
1 15 16
2 15 5
3 15 8
4 15 11
5 15 9
6 15 15
7 15 6
8 15 14
0 16 11
1 16 16
2 16 1
3 16 6
4 16 3
5 16 8
6 16 15
7 16 14
8 16 13
0 17 12
1 17 10
2 17 9
3 17 7
4 17 4
5 17 5
6 17 2
7 17 13
8 17 9
0 18 10
1 18 2
2 18 11
3 18 6
4 18 5
5 18 4
6 18 14
7 18 7
8 18 1
0 19 15
1 19 3
2 19 8
3 19 12
4 19 16
5 19 14
6 19 8
7 19 15
8 19 5
0 20 12
1 20 9
2 20 16
3 20 7
4 20 4
5 20 6
6 20 3
7 20 2
8 20 10
0 21 1
1 21 13
2 21 11
3 21 5
4 21 6
5 21 12
6 21 16
7 21 2
8 21 10
0 22 9
1 22 15
2 22 3
3 22 8
4 22 7
5 22 1
6 22 4
7 22 14
8 22 11
0 23 13
1 23 7
2 23 10
3 23 13
4 23 9
5 23 6
6 23 14
7 23 11
8 23 8
0 24 2
1 24 15
2 24 4
3 24 16
4 24 12
5 24 5
6 24 3
7 24 1
8 24 8
0 25 2
1 25 11
2 25 3
3 25 1
4 25 13
5 25 4
6 25 12
7 25 5
8 25 10
0 26 6
1 26 14
2 26 15
3 26 7
4 26 16
5 26 9
6 26 15
7 26 14
8 26 4
0 27 1
1 27 5
2 27 7
3 27 3
4 27 16
5 27 11
6 27 9
7 27 12
8 27 13
0 28 2
1 28 6
2 28 8
3 28 10
end
